21,3
21,2
21,1
21,0
10,3
10,2
10,1
7,13
7,12
7,11
7,10
7,9
7,8
7,7
7,6
7,5
7,4
7,1
6,7
6,6
6,5
6,4
6,1
4,88
4,87
4,86
4,85
4,84
4,83
4,82
4,81
4,80
4,79
4,78
11,2
11,1
11,3
9,2
9,1
9,3
8,2
8,1
8,3
12,2
12,1
12,3
20,2
20,1
20,3
4,77
0,315
4,76
4,75
4,74
4,73
19,2
4,72
19,1
4,71
19,3
18,1
18,3
14,64
13,6
2,2
2,1
2,3
4,70
4,69
4,68
4,67
4,66
4,1
4,65
3,3
3,2
3,1
13,1
13,5
13,3
14,1
14,21
14,3
134,5
134,3
0,0
134,1
134,4
0,470
0,383
0,431
0,9
467,34
467,33
467,32
467,31
467,30
467,29
467,28
467,27
467,26
467,25
467,24
467,23
467,22
467,21
467,20
467,19
467,18
467,17
